{
 "cells": [
  {
   "cell_type": "code",
   "execution_count": 1,
   "metadata": {
    "collapsed": true
   },
   "outputs": [],
   "source": [
    "%load_ext autoreload\n",
    "%autoreload 2\n",
    "from sklearn import datasets\n",
    "import numpy as np"
   ]
  },
  {
   "cell_type": "code",
   "execution_count": 2,
   "metadata": {
    "collapsed": false
   },
   "outputs": [],
   "source": [
    "from continuum_gaussian_bandits import ContinuumArmedBandit"
   ]
  },
  {
   "cell_type": "code",
   "execution_count": 3,
   "metadata": {
    "collapsed": true
   },
   "outputs": [],
   "source": [
    "X,y = datasets.make_regression(n_samples=500,n_features=32)"
   ]
  },
  {
   "cell_type": "code",
   "execution_count": 4,
   "metadata": {
    "collapsed": true
   },
   "outputs": [],
   "source": [
    "idxs = np.random.choice(500,25)\n",
    "X_train = X[idxs]\n",
    "y_train = y[idxs]"
   ]
  },
  {
   "cell_type": "code",
   "execution_count": 5,
   "metadata": {
    "collapsed": false
   },
   "outputs": [],
   "source": [
    "cab = ContinuumArmedBandit(X_train, y_train)"
   ]
  },
  {
   "cell_type": "markdown",
   "metadata": {},
   "source": [
    "Test Calculations"
   ]
  },
  {
   "cell_type": "code",
   "execution_count": 6,
   "metadata": {
    "collapsed": false
   },
   "outputs": [],
   "source": [
    "K = cab.gpr.K\n",
    "noise_var = cab.gpr.noise_var\n",
    "N = cab.N\n",
    "a = (K + noise_var * np.eye(N)).dot(y_train)"
   ]
  },
  {
   "cell_type": "code",
   "execution_count": 7,
   "metadata": {
    "collapsed": false
   },
   "outputs": [
    {
     "data": {
      "text/plain": [
       "<bound method KernelOperator.get_params of RBF(length_scale=[1.13, 0.907, 0.934, 1.05, 0.966, 1, 1.29, 0.936, 0.91, 1.13, 1.13, 1.15, 0.999, 0.943, 0.916, 0.889, 0.949, 1.06, 1.11, 0.925, 1.14, 1.06, 1.02, 1.02, 1.09, 1.14, 0.994, 1.1, 1.1, 1.18, 0.899, 0.969]) + WhiteKernel(noise_level=5.93e+04)>"
      ]
     },
     "execution_count": 7,
     "metadata": {},
     "output_type": "execute_result"
    }
   ],
   "source": [
    "cab.gpr.kernel_.get_params"
   ]
  },
  {
   "cell_type": "code",
   "execution_count": 8,
   "metadata": {
    "collapsed": false
   },
   "outputs": [
    {
     "data": {
      "text/plain": [
       "(array([-0.00170054, -0.00147571,  0.00498033, -0.00164754, -0.00577799,\n",
       "         0.0026045 ,  0.00037538, -0.00238917,  0.0024571 ,  0.00013678,\n",
       "        -0.00351755,  0.00321519,  0.01094298, -0.0009931 ,  0.00312253,\n",
       "        -0.00126572, -0.00116425, -0.00225853,  0.00380469,  0.00220043,\n",
       "        -0.00101214, -0.00631455, -0.01067089, -0.00118269,  0.00067524]),\n",
       " array([[  1.68741537e-05,  -4.97171096e-37,  -1.21391528e-35,\n",
       "          -1.31957076e-43,  -2.06860588e-29,  -3.62727503e-35,\n",
       "          -4.66136911e-36,  -2.64590690e-33,  -3.05722678e-34,\n",
       "          -2.94075395e-27,  -3.10813956e-43,  -6.43473597e-38,\n",
       "          -1.09559551e-39,  -4.33825551e-33,  -6.38099325e-28,\n",
       "          -1.48563598e-34,  -1.02136768e-44,  -4.24998176e-35,\n",
       "          -5.31742974e-43,  -1.95725742e-32,  -2.34976750e-27,\n",
       "          -2.40402290e-33,  -1.50994519e-38,  -5.04316541e-32,\n",
       "          -1.41885531e-26],\n",
       "        [ -4.97171096e-37,   1.68741537e-05,  -1.19526545e-28,\n",
       "          -5.95656424e-28,  -9.09159016e-35,  -6.60443654e-34,\n",
       "          -2.08976101e-28,  -1.84924943e-26,  -7.05899226e-26,\n",
       "          -3.11540586e-27,  -5.27934268e-26,  -4.36382154e-25,\n",
       "          -9.81028824e-35,  -6.89126776e-33,  -9.47384246e-25,\n",
       "          -5.51793225e-24,  -1.64350475e-32,  -6.04345766e-27,\n",
       "          -3.30005433e-24,  -1.68677306e-34,  -1.63753905e-28,\n",
       "          -3.30089709e-22,  -3.15390024e-35,  -1.10016517e-25,\n",
       "          -3.22305453e-22],\n",
       "        [ -1.21391528e-35,  -1.19526545e-28,   1.68741537e-05,\n",
       "          -6.79894372e-31,  -1.38561501e-29,  -3.53751476e-22,\n",
       "          -4.81090549e-27,  -2.83973603e-29,  -5.21321772e-25,\n",
       "          -9.92033255e-29,  -2.04669279e-28,  -4.99596213e-31,\n",
       "          -2.80956901e-33,  -6.86974604e-40,  -8.62860146e-29,\n",
       "          -1.24262837e-26,  -8.91567064e-34,  -4.57519318e-32,\n",
       "          -4.14964638e-22,  -3.12361057e-39,  -1.55035644e-32,\n",
       "          -1.99074471e-34,  -3.14943253e-42,  -7.38728812e-37,\n",
       "          -2.69805084e-29],\n",
       "        [ -1.31957076e-43,  -5.95656424e-28,  -6.79894372e-31,\n",
       "           1.68741537e-05,  -2.25030865e-39,  -8.31798924e-37,\n",
       "          -1.09304109e-32,  -9.00104478e-36,  -6.87292298e-29,\n",
       "          -6.21694988e-35,  -4.47645003e-29,  -5.54560661e-31,\n",
       "          -8.32061716e-45,  -1.17289349e-34,  -1.08558557e-32,\n",
       "          -1.02580028e-23,  -3.68134614e-41,  -7.02532546e-33,\n",
       "          -1.08797213e-25,  -1.43171888e-40,  -7.71908693e-33,\n",
       "          -2.11870249e-26,  -2.48067056e-45,  -2.92196296e-34,\n",
       "          -1.65779165e-28],\n",
       "        [ -2.06860588e-29,  -9.09159016e-35,  -1.38561501e-29,\n",
       "          -2.25030865e-39,   1.68741537e-05,  -1.99681031e-36,\n",
       "          -4.95084264e-33,  -3.52163451e-38,  -1.56459369e-26,\n",
       "          -1.70381030e-27,  -9.60753292e-29,  -2.29351894e-38,\n",
       "          -3.05384627e-37,  -9.26273884e-34,  -2.48088967e-31,\n",
       "          -4.29784821e-28,  -3.53046665e-28,  -2.39801764e-34,\n",
       "          -1.54213926e-33,  -4.58438916e-37,  -2.18692544e-39,\n",
       "          -4.77251191e-39,  -2.79440640e-30,  -6.94170798e-33,\n",
       "          -1.76407832e-32],\n",
       "        [ -3.62727503e-35,  -6.60443654e-34,  -3.53751476e-22,\n",
       "          -8.31798924e-37,  -1.99681031e-36,   1.68741537e-05,\n",
       "          -1.25378704e-25,  -1.53455462e-36,  -1.72965284e-26,\n",
       "          -1.18444866e-31,  -4.57397844e-37,  -4.99770666e-32,\n",
       "          -5.77021366e-34,  -6.23798857e-34,  -7.73328807e-28,\n",
       "          -1.64191112e-23,  -9.99271726e-31,  -5.78390000e-27,\n",
       "          -1.43533486e-28,  -8.34058049e-34,  -2.31393784e-29,\n",
       "          -2.76108438e-34,  -5.30474526e-38,  -4.20483690e-35,\n",
       "          -1.77238204e-24],\n",
       "        [ -4.66136911e-36,  -2.08976101e-28,  -4.81090549e-27,\n",
       "          -1.09304109e-32,  -4.95084264e-33,  -1.25378704e-25,\n",
       "           1.68741537e-05,  -1.52280158e-29,  -6.32639137e-26,\n",
       "          -1.34055183e-35,  -2.42775190e-28,  -1.87746576e-27,\n",
       "          -5.51848601e-27,  -5.39158452e-41,  -5.21394875e-23,\n",
       "          -2.27626602e-23,  -1.44276707e-29,  -3.14738246e-25,\n",
       "          -2.39669803e-28,  -1.11378223e-29,  -7.68112030e-30,\n",
       "          -3.93183586e-31,  -7.56446643e-33,  -3.57929580e-27,\n",
       "          -1.32897550e-27],\n",
       "        [ -2.64590690e-33,  -1.84924943e-26,  -2.83973603e-29,\n",
       "          -9.00104478e-36,  -3.52163451e-38,  -1.53455462e-36,\n",
       "          -1.52280158e-29,   1.68741537e-05,  -6.85277030e-32,\n",
       "          -1.35453760e-36,  -1.94378326e-30,  -6.08733968e-33,\n",
       "          -2.43450632e-36,  -5.98568067e-40,  -5.05805024e-28,\n",
       "          -4.93818775e-30,  -6.07013456e-38,  -2.20316905e-36,\n",
       "          -2.75104981e-32,  -5.08208912e-36,  -1.27145594e-31,\n",
       "          -6.15406630e-35,  -1.08472140e-43,  -3.30900036e-30,\n",
       "          -4.79499720e-32],\n",
       "        [ -3.05722678e-34,  -7.05899226e-26,  -5.21321772e-25,\n",
       "          -6.87292298e-29,  -1.56459369e-26,  -1.72965284e-26,\n",
       "          -6.32639137e-26,  -6.85277030e-32,   1.68741537e-05,\n",
       "          -8.13557899e-30,  -1.34183650e-22,  -1.82174554e-22,\n",
       "          -2.32962218e-27,  -7.69871124e-26,  -1.82972872e-23,\n",
       "          -5.06411773e-19,  -2.10276546e-24,  -1.00555072e-23,\n",
       "          -2.51084299e-23,  -1.58277006e-25,  -1.35281814e-27,\n",
       "          -3.42761845e-31,  -1.31251817e-29,  -1.53061614e-24,\n",
       "          -2.64273388e-22],\n",
       "        [ -2.94075395e-27,  -3.11540586e-27,  -9.92033255e-29,\n",
       "          -6.21694988e-35,  -1.70381030e-27,  -1.18444866e-31,\n",
       "          -1.34055183e-35,  -1.35453760e-36,  -8.13557899e-30,\n",
       "           1.68741537e-05,  -4.21574877e-37,  -3.85986030e-26,\n",
       "          -6.80341995e-35,  -4.18693039e-30,  -1.97374026e-28,\n",
       "          -4.85373384e-29,  -1.22613952e-26,  -6.70376150e-33,\n",
       "          -8.35826344e-28,  -5.01654490e-37,  -6.55566625e-29,\n",
       "          -1.64074452e-30,  -8.94510457e-36,  -1.16564154e-35,\n",
       "          -1.03535381e-23],\n",
       "        [ -3.10813956e-43,  -5.27934268e-26,  -2.04669279e-28,\n",
       "          -4.47645003e-29,  -9.60753292e-29,  -4.57397844e-37,\n",
       "          -2.42775190e-28,  -1.94378326e-30,  -1.34183650e-22,\n",
       "          -4.21574877e-37,   1.68741537e-05,  -4.40862619e-26,\n",
       "          -2.87886153e-37,  -3.93654103e-42,  -3.98837266e-32,\n",
       "          -3.89643337e-25,  -6.07091631e-29,  -4.14105948e-28,\n",
       "          -2.23817313e-23,  -8.33300178e-37,  -3.28525755e-39,\n",
       "          -6.70606765e-36,  -1.98419864e-39,  -1.84246786e-28,\n",
       "          -6.02815196e-33],\n",
       "        [ -6.43473597e-38,  -4.36382154e-25,  -4.99596213e-31,\n",
       "          -5.54560661e-31,  -2.29351894e-38,  -4.99770666e-32,\n",
       "          -1.87746576e-27,  -6.08733968e-33,  -1.82174554e-22,\n",
       "          -3.85986030e-26,  -4.40862619e-26,   1.68741537e-05,\n",
       "          -2.53717443e-31,  -2.50840965e-33,  -3.24052993e-26,\n",
       "          -1.14020544e-26,  -4.66202825e-30,  -2.84821614e-27,\n",
       "          -1.73507450e-24,  -9.47261007e-31,  -2.08074761e-29,\n",
       "          -1.88873742e-30,  -3.40125095e-42,  -7.43803758e-27,\n",
       "          -1.07376026e-23],\n",
       "        [ -1.09559551e-39,  -9.81028824e-35,  -2.80956901e-33,\n",
       "          -8.32061716e-45,  -3.05384627e-37,  -5.77021366e-34,\n",
       "          -5.51848601e-27,  -2.43450632e-36,  -2.32962218e-27,\n",
       "          -6.80341995e-35,  -2.87886153e-37,  -2.53717443e-31,\n",
       "           1.68741537e-05,  -6.54964948e-43,  -1.31726269e-22,\n",
       "          -1.40076385e-35,  -2.78949292e-36,  -1.16314299e-35,\n",
       "          -1.36899548e-32,  -7.05196479e-30,  -3.56142582e-36,\n",
       "          -4.32275244e-42,  -8.11062421e-46,  -2.98761368e-38,\n",
       "          -2.72152047e-35],\n",
       "        [ -4.33825551e-33,  -6.89126776e-33,  -6.86974604e-40,\n",
       "          -1.17289349e-34,  -9.26273884e-34,  -6.23798857e-34,\n",
       "          -5.39158452e-41,  -5.98568067e-40,  -7.69871124e-26,\n",
       "          -4.18693039e-30,  -3.93654103e-42,  -2.50840965e-33,\n",
       "          -6.54964948e-43,   1.68741537e-05,  -3.58351560e-27,\n",
       "          -1.67657101e-25,  -3.98612488e-37,  -9.15328337e-28,\n",
       "          -3.36038318e-32,  -5.78226924e-35,  -1.90938134e-32,\n",
       "          -9.85213969e-32,  -2.40990946e-39,  -5.96275284e-31,\n",
       "          -7.21847729e-27],\n",
       "        [ -6.38099325e-28,  -9.47384246e-25,  -8.62860146e-29,\n",
       "          -1.08558557e-32,  -2.48088967e-31,  -7.73328807e-28,\n",
       "          -5.21394875e-23,  -5.05805024e-28,  -1.82972872e-23,\n",
       "          -1.97374026e-28,  -3.98837266e-32,  -3.24052993e-26,\n",
       "          -1.31726269e-22,  -3.58351560e-27,   1.68741537e-05,\n",
       "          -1.71259179e-25,  -6.28977784e-32,  -3.71890865e-23,\n",
       "          -1.09112947e-30,  -2.07031827e-27,  -4.12520967e-25,\n",
       "          -1.71259127e-25,  -2.22753825e-38,  -6.74731626e-20,\n",
       "          -2.07548891e-23],\n",
       "        [ -1.48563598e-34,  -5.51793225e-24,  -1.24262837e-26,\n",
       "          -1.02580028e-23,  -4.29784821e-28,  -1.64191112e-23,\n",
       "          -2.27626602e-23,  -4.93818775e-30,  -5.06411773e-19,\n",
       "          -4.85373384e-29,  -3.89643337e-25,  -1.14020544e-26,\n",
       "          -1.40076385e-35,  -1.67657101e-25,  -1.71259179e-25,\n",
       "           1.68741537e-05,  -2.20991214e-22,  -1.65101246e-23,\n",
       "          -1.83619931e-23,  -8.57548409e-32,  -2.72235282e-28,\n",
       "          -1.87898512e-22,  -1.02246133e-29,  -3.47032335e-23,\n",
       "          -2.36699168e-20],\n",
       "        [ -1.02136768e-44,  -1.64350475e-32,  -8.91567064e-34,\n",
       "          -3.68134614e-41,  -3.53046665e-28,  -9.99271726e-31,\n",
       "          -1.44276707e-29,  -6.07013456e-38,  -2.10276546e-24,\n",
       "          -1.22613952e-26,  -6.07091631e-29,  -4.66202825e-30,\n",
       "          -2.78949292e-36,  -3.98612488e-37,  -6.28977784e-32,\n",
       "          -2.20991214e-22,   1.68741537e-05,  -1.34605593e-26,\n",
       "          -2.50369571e-27,  -9.22770036e-39,  -2.02027410e-35,\n",
       "          -4.42573296e-39,  -1.03522524e-33,  -1.48328610e-28,\n",
       "          -2.53789174e-27],\n",
       "        [ -4.24998176e-35,  -6.04345766e-27,  -4.57519318e-32,\n",
       "          -7.02532546e-33,  -2.39801764e-34,  -5.78390000e-27,\n",
       "          -3.14738246e-25,  -2.20316905e-36,  -1.00555072e-23,\n",
       "          -6.70376150e-33,  -4.14105948e-28,  -2.84821614e-27,\n",
       "          -1.16314299e-35,  -9.15328337e-28,  -3.71890865e-23,\n",
       "          -1.65101246e-23,  -1.34605593e-26,   1.68741537e-05,\n",
       "          -3.46275146e-28,  -5.68714136e-35,  -2.13559153e-30,\n",
       "          -1.06978031e-29,  -4.41151442e-38,  -3.20695792e-25,\n",
       "          -3.04646068e-20],\n",
       "        [ -5.31742974e-43,  -3.30005433e-24,  -4.14964638e-22,\n",
       "          -1.08797213e-25,  -1.54213926e-33,  -1.43533486e-28,\n",
       "          -2.39669803e-28,  -2.75104981e-32,  -2.51084299e-23,\n",
       "          -8.35826344e-28,  -2.23817313e-23,  -1.73507450e-24,\n",
       "          -1.36899548e-32,  -3.36038318e-32,  -1.09112947e-30,\n",
       "          -1.83619931e-23,  -2.50369571e-27,  -3.46275146e-28,\n",
       "           1.68741537e-05,  -5.31986372e-35,  -2.10844191e-32,\n",
       "          -1.23116823e-31,  -2.17131889e-38,  -4.00668836e-33,\n",
       "          -3.16270549e-29],\n",
       "        [ -1.95725742e-32,  -1.68677306e-34,  -3.12361057e-39,\n",
       "          -1.43171888e-40,  -4.58438916e-37,  -8.34058049e-34,\n",
       "          -1.11378223e-29,  -5.08208912e-36,  -1.58277006e-25,\n",
       "          -5.01654490e-37,  -8.33300178e-37,  -9.47261007e-31,\n",
       "          -7.05196479e-30,  -5.78226924e-35,  -2.07031827e-27,\n",
       "          -8.57548409e-32,  -9.22770036e-39,  -5.68714136e-35,\n",
       "          -5.31986372e-35,   1.68741537e-05,  -2.97426867e-27,\n",
       "          -6.83555715e-41,  -6.25922683e-32,  -7.44526815e-29,\n",
       "          -3.01921996e-31],\n",
       "        [ -2.34976750e-27,  -1.63753905e-28,  -1.55035644e-32,\n",
       "          -7.71908693e-33,  -2.18692544e-39,  -2.31393784e-29,\n",
       "          -7.68112030e-30,  -1.27145594e-31,  -1.35281814e-27,\n",
       "          -6.55566625e-29,  -3.28525755e-39,  -2.08074761e-29,\n",
       "          -3.56142582e-36,  -1.90938134e-32,  -4.12520967e-25,\n",
       "          -2.72235282e-28,  -2.02027410e-35,  -2.13559153e-30,\n",
       "          -2.10844191e-32,  -2.97426867e-27,   1.68741537e-05,\n",
       "          -1.23469807e-27,  -2.28853820e-31,  -1.55699544e-24,\n",
       "          -1.20697216e-20],\n",
       "        [ -2.40402290e-33,  -3.30089709e-22,  -1.99074471e-34,\n",
       "          -2.11870249e-26,  -4.77251191e-39,  -2.76108438e-34,\n",
       "          -3.93183586e-31,  -6.15406630e-35,  -3.42761845e-31,\n",
       "          -1.64074452e-30,  -6.70606765e-36,  -1.88873742e-30,\n",
       "          -4.32275244e-42,  -9.85213969e-32,  -1.71259127e-25,\n",
       "          -1.87898512e-22,  -4.42573296e-39,  -1.06978031e-29,\n",
       "          -1.23116823e-31,  -6.83555715e-41,  -1.23469807e-27,\n",
       "           1.68741537e-05,  -1.44045455e-37,  -1.79934657e-28,\n",
       "          -1.99823640e-25],\n",
       "        [ -1.50994519e-38,  -3.15390024e-35,  -3.14943253e-42,\n",
       "          -2.48067056e-45,  -2.79440640e-30,  -5.30474526e-38,\n",
       "          -7.56446643e-33,  -1.08472140e-43,  -1.31251817e-29,\n",
       "          -8.94510457e-36,  -1.98419864e-39,  -3.40125095e-42,\n",
       "          -8.11062421e-46,  -2.40990946e-39,  -2.22753825e-38,\n",
       "          -1.02246133e-29,  -1.03522524e-33,  -4.41151442e-38,\n",
       "          -2.17131889e-38,  -6.25922683e-32,  -2.28853820e-31,\n",
       "          -1.44045455e-37,   1.68741537e-05,  -1.03631471e-32,\n",
       "          -3.10132559e-30],\n",
       "        [ -5.04316541e-32,  -1.10016517e-25,  -7.38728812e-37,\n",
       "          -2.92196296e-34,  -6.94170798e-33,  -4.20483690e-35,\n",
       "          -3.57929580e-27,  -3.30900036e-30,  -1.53061614e-24,\n",
       "          -1.16564154e-35,  -1.84246786e-28,  -7.43803758e-27,\n",
       "          -2.98761368e-38,  -5.96275284e-31,  -6.74731626e-20,\n",
       "          -3.47032335e-23,  -1.48328610e-28,  -3.20695792e-25,\n",
       "          -4.00668836e-33,  -7.44526815e-29,  -1.55699544e-24,\n",
       "          -1.79934657e-28,  -1.03631471e-32,   1.68741537e-05,\n",
       "          -1.80998594e-21],\n",
       "        [ -1.41885531e-26,  -3.22305453e-22,  -2.69805084e-29,\n",
       "          -1.65779165e-28,  -1.76407832e-32,  -1.77238204e-24,\n",
       "          -1.32897550e-27,  -4.79499720e-32,  -2.64273388e-22,\n",
       "          -1.03535381e-23,  -6.02815196e-33,  -1.07376026e-23,\n",
       "          -2.72152047e-35,  -7.21847729e-27,  -2.07548891e-23,\n",
       "          -2.36699168e-20,  -2.53789174e-27,  -3.04646068e-20,\n",
       "          -3.16270549e-29,  -3.01921996e-31,  -1.20697216e-20,\n",
       "          -1.99823640e-25,  -3.10132559e-30,  -1.80998594e-21,\n",
       "           1.68741537e-05]]))"
      ]
     },
     "execution_count": 8,
     "metadata": {},
     "output_type": "execute_result"
    }
   ],
   "source": [
    "cab.select_action()"
   ]
  }
 ],
 "metadata": {
  "kernelspec": {
   "display_name": "Python [default]",
   "language": "python",
   "name": "python3"
  },
  "language_info": {
   "codemirror_mode": {
    "name": "ipython",
    "version": 3
   },
   "file_extension": ".py",
   "mimetype": "text/x-python",
   "name": "python",
   "nbconvert_exporter": "python",
   "pygments_lexer": "ipython3",
   "version": "3.5.2"
  }
 },
 "nbformat": 4,
 "nbformat_minor": 1
}
