{
 "cells": [
  {
   "cell_type": "code",
   "execution_count": 1,
   "metadata": {
    "collapsed": true
   },
   "outputs": [],
   "source": [
    "%load_ext autoreload\n",
    "%autoreload 2\n",
    "from sklearn import datasets\n",
    "import numpy as np"
   ]
  },
  {
   "cell_type": "code",
   "execution_count": 2,
   "metadata": {
    "collapsed": false
   },
   "outputs": [],
   "source": [
    "from continuum_gaussian_bandits import ContinuumArmedBandit"
   ]
  },
  {
   "cell_type": "code",
   "execution_count": 3,
   "metadata": {
    "collapsed": true
   },
   "outputs": [],
   "source": [
    "X,y = datasets.make_regression(n_samples=500,n_features=32)"
   ]
  },
  {
   "cell_type": "code",
   "execution_count": 4,
   "metadata": {
    "collapsed": true
   },
   "outputs": [],
   "source": [
    "idxs = np.random.choice(500,25)\n",
    "X_train = X[idxs]\n",
    "y_train = y[idxs]"
   ]
  },
  {
   "cell_type": "code",
   "execution_count": 5,
   "metadata": {
    "collapsed": false
   },
   "outputs": [],
   "source": [
    "cab = ContinuumArmedBandit(X_train, y_train)"
   ]
  },
  {
   "cell_type": "markdown",
   "metadata": {},
   "source": [
    "Test Calculations"
   ]
  },
  {
   "cell_type": "code",
   "execution_count": 6,
   "metadata": {
    "collapsed": false
   },
   "outputs": [],
   "source": [
    "K = cab.gpr.K\n",
    "noise_var = cab.gpr.noise_var\n",
    "N = cab.N\n",
    "a = (K + noise_var * np.eye(N)).dot(y_train)"
   ]
  },
  {
   "cell_type": "code",
   "execution_count": 7,
   "metadata": {
    "collapsed": false
   },
   "outputs": [
    {
     "data": {
      "text/plain": [
       "<bound method KernelOperator.get_params of RBF(length_scale=[0.979, 0.967, 1.23, 0.998, 0.909, 1.1, 0.863, 1.01, 0.96, 1.02, 0.907, 1.04, 0.922, 0.808, 0.857, 0.985, 1.07, 0.954, 0.986, 0.931, 1.17, 0.933, 1.12, 0.888, 0.906, 1.02, 0.966, 1.01, 1.09, 1.05, 0.974, 0.867]) + WhiteKernel(noise_level=5.5e+04)>"
      ]
     },
     "execution_count": 7,
     "metadata": {},
     "output_type": "execute_result"
    }
   ],
   "source": [
    "cab.gpr.kernel_.get_params"
   ]
  },
  {
   "cell_type": "code",
   "execution_count": 8,
   "metadata": {
    "collapsed": false
   },
   "outputs": [
    {
     "data": {
      "text/plain": [
       "(array([ -8.28468592e-03,  -3.49224561e-05,   5.10092166e-04,\n",
       "         -6.23788060e-03,   3.47084257e-03,  -9.74366816e-05,\n",
       "          2.57927202e-03,   3.31859628e-03,   1.69651736e-03,\n",
       "          4.89372603e-03,  -5.59088266e-04,  -4.49839998e-03,\n",
       "         -6.73333870e-03,   5.05502863e-03,   2.83889623e-03,\n",
       "         -2.03235046e-04,   5.43003383e-03,   7.76254304e-03,\n",
       "         -4.06229064e-03,  -6.49550534e-04,  -6.73333870e-03,\n",
       "         -2.53424388e-03,  -3.35300998e-03,   2.52069221e-03,\n",
       "         -3.78525690e-03]),\n",
       " array([[  1.81699498e-05,  -4.92833358e-32,  -2.87171524e-42,\n",
       "          -1.22131715e-26,  -1.12439318e-30,  -2.06221236e-35,\n",
       "          -1.83652500e-34,  -1.10570757e-32,  -3.60534070e-30,\n",
       "          -2.62057806e-42,  -8.51177265e-39,  -5.63991264e-36,\n",
       "          -4.21678686e-34,  -2.18257840e-28,  -1.09863731e-40,\n",
       "          -9.97633763e-36,  -1.70502652e-41,  -6.44397301e-41,\n",
       "          -1.02978896e-29,  -3.34053166e-32,  -4.21678686e-34,\n",
       "          -8.48280217e-25,  -3.95221660e-29,  -2.37094773e-28,\n",
       "          -1.39434206e-24],\n",
       "        [ -4.92833358e-32,   1.81699498e-05,  -6.18489646e-41,\n",
       "          -1.88851437e-34,  -2.08083182e-33,  -9.48086970e-35,\n",
       "          -3.48295063e-39,  -3.85423235e-39,  -5.41555721e-23,\n",
       "          -1.05306945e-42,  -1.32717893e-40,  -1.30690766e-37,\n",
       "          -4.57127812e-32,  -2.08208818e-32,  -5.92859451e-43,\n",
       "          -7.64494555e-33,  -6.00304366e-39,  -1.01806864e-41,\n",
       "          -3.41400308e-31,  -2.79539196e-34,  -4.57127812e-32,\n",
       "          -2.71209107e-31,  -3.10292063e-34,  -1.33970457e-33,\n",
       "          -1.45720631e-34],\n",
       "        [ -2.87171524e-42,  -6.18489646e-41,   1.81699498e-05,\n",
       "          -3.75206460e-39,  -1.19447708e-38,  -3.88267010e-30,\n",
       "          -3.79399231e-41,  -1.88459328e-32,  -1.57175045e-34,\n",
       "          -1.83367547e-42,  -1.26035260e-31,  -7.78023252e-37,\n",
       "          -5.39605452e-35,  -1.66623550e-30,  -1.48416813e-39,\n",
       "          -3.04870620e-33,  -4.99824828e-28,  -1.08786914e-35,\n",
       "          -6.16025405e-36,  -9.00207924e-31,  -5.39605452e-35,\n",
       "          -4.10410582e-46,  -4.84951339e-30,  -1.38312568e-38,\n",
       "          -5.24814887e-38],\n",
       "        [ -1.22131715e-26,  -1.88851437e-34,  -3.75206460e-39,\n",
       "           1.81699498e-05,  -7.09401154e-30,  -9.43082931e-39,\n",
       "          -6.56342993e-32,  -1.31249632e-32,  -2.39723815e-34,\n",
       "          -1.55654011e-42,  -2.68372133e-31,  -1.44805977e-36,\n",
       "          -7.00459325e-31,  -3.14869844e-32,  -1.32987556e-32,\n",
       "          -1.18814223e-35,  -2.00833649e-39,  -1.12153575e-33,\n",
       "          -3.03124921e-34,  -1.23692148e-26,  -7.00459325e-31,\n",
       "          -9.72631516e-36,  -1.85807698e-26,  -4.35246788e-32,\n",
       "          -4.48078833e-23],\n",
       "        [ -1.12439318e-30,  -2.08083182e-33,  -1.19447708e-38,\n",
       "          -7.09401154e-30,   1.81699498e-05,  -6.50770626e-37,\n",
       "          -7.80579430e-36,  -1.35929315e-31,  -3.24225916e-27,\n",
       "          -1.40582866e-46,  -1.38489716e-28,  -1.08634407e-39,\n",
       "          -2.04150628e-31,  -1.17954429e-28,  -1.26196990e-28,\n",
       "          -1.24618907e-34,  -5.02087667e-40,  -1.89055777e-25,\n",
       "          -4.78582756e-34,  -7.78122094e-31,  -2.04150628e-31,\n",
       "          -5.12301012e-37,  -3.97440390e-31,  -8.19590730e-30,\n",
       "          -1.85302982e-30],\n",
       "        [ -2.06221236e-35,  -9.48086970e-35,  -3.88267010e-30,\n",
       "          -9.43082931e-39,  -6.50770626e-37,   1.81699498e-05,\n",
       "          -1.82405596e-49,  -1.54272977e-28,  -1.24109896e-31,\n",
       "          -3.51804469e-33,  -1.00493037e-29,  -7.50739904e-36,\n",
       "          -3.25080018e-30,  -8.12791752e-24,  -1.43594511e-35,\n",
       "          -2.01122145e-36,  -9.71209436e-34,  -6.55746356e-38,\n",
       "          -3.19639015e-34,  -2.54582589e-23,  -3.25080018e-30,\n",
       "          -2.90849057e-35,  -8.09721814e-26,  -1.62068320e-30,\n",
       "          -3.98856690e-38],\n",
       "        [ -1.83652500e-34,  -3.48295063e-39,  -3.79399231e-41,\n",
       "          -6.56342993e-32,  -7.80579430e-36,  -1.82405596e-49,\n",
       "           1.81699498e-05,  -2.58165109e-38,  -2.32794778e-36,\n",
       "          -8.06357950e-50,  -1.48018270e-48,  -1.69876668e-39,\n",
       "          -6.43462138e-38,  -8.47538054e-31,  -6.69475853e-38,\n",
       "          -1.60026611e-40,  -3.89583932e-38,  -4.45441623e-28,\n",
       "          -3.59753750e-38,  -1.20220348e-33,  -6.43462138e-38,\n",
       "          -2.24212086e-36,  -3.90888680e-37,  -1.56982804e-43,\n",
       "          -1.75511744e-36],\n",
       "        [ -1.10570757e-32,  -3.85423235e-39,  -1.88459328e-32,\n",
       "          -1.31249632e-32,  -1.35929315e-31,  -1.54272977e-28,\n",
       "          -2.58165109e-38,   1.81699498e-05,  -3.39776750e-31,\n",
       "          -1.18518251e-27,  -3.81024948e-36,  -2.21140809e-33,\n",
       "          -8.77589005e-31,  -1.85439271e-24,  -3.13231173e-26,\n",
       "          -7.20823160e-31,  -1.84785872e-25,  -2.02176169e-26,\n",
       "          -8.57451778e-30,  -1.21145319e-24,  -8.77589005e-31,\n",
       "          -8.74973410e-28,  -2.38426751e-32,  -1.28291479e-28,\n",
       "          -6.30188890e-36],\n",
       "        [ -3.60534070e-30,  -5.41555721e-23,  -1.57175045e-34,\n",
       "          -2.39723815e-34,  -3.24225916e-27,  -1.24109896e-31,\n",
       "          -2.32794778e-36,  -3.39776750e-31,   1.81699498e-05,\n",
       "          -5.17111583e-44,  -1.63803925e-32,  -4.08201344e-28,\n",
       "          -3.37116062e-30,  -9.16623976e-32,  -2.82058320e-35,\n",
       "          -2.06521406e-33,  -5.31807562e-37,  -8.53249471e-31,\n",
       "          -1.81427153e-23,  -8.26935507e-28,  -3.37116062e-30,\n",
       "          -3.65267881e-27,  -3.54502765e-30,  -8.34249604e-35,\n",
       "          -3.98057440e-38],\n",
       "        [ -2.62057806e-42,  -1.05306945e-42,  -1.83367547e-42,\n",
       "          -1.55654011e-42,  -1.40582866e-46,  -3.51804469e-33,\n",
       "          -8.06357950e-50,  -1.18518251e-27,  -5.17111583e-44,\n",
       "           1.81699498e-05,  -7.37728136e-38,  -4.44945059e-38,\n",
       "          -5.48689564e-40,  -5.24756358e-38,  -2.58330204e-45,\n",
       "          -1.09098089e-34,  -5.32335177e-30,  -1.83696799e-36,\n",
       "          -2.19503373e-36,  -2.29022303e-35,  -5.48689564e-40,\n",
       "          -3.09137065e-38,  -1.72452903e-44,  -1.36588657e-35,\n",
       "          -3.34849826e-45],\n",
       "        [ -8.51177265e-39,  -1.32717893e-40,  -1.26035260e-31,\n",
       "          -2.68372133e-31,  -1.38489716e-28,  -1.00493037e-29,\n",
       "          -1.48018270e-48,  -3.81024948e-36,  -1.63803925e-32,\n",
       "          -7.37728136e-38,   1.81699498e-05,  -9.47570486e-38,\n",
       "          -3.98725738e-34,  -1.13606491e-37,  -5.39537094e-38,\n",
       "          -2.42594470e-33,  -2.20776208e-36,  -2.40804978e-33,\n",
       "          -7.19667506e-36,  -1.80543105e-32,  -3.98725738e-34,\n",
       "          -7.13489523e-43,  -3.67836901e-30,  -3.46941937e-31,\n",
       "          -3.16572355e-34],\n",
       "        [ -5.63991264e-36,  -1.30690766e-37,  -7.78023252e-37,\n",
       "          -1.44805977e-36,  -1.08634407e-39,  -7.50739904e-36,\n",
       "          -1.69876668e-39,  -2.21140809e-33,  -4.08201344e-28,\n",
       "          -4.44945059e-38,  -9.47570486e-38,   1.81699498e-05,\n",
       "          -3.29259002e-30,  -8.01573081e-36,  -3.62622101e-37,\n",
       "          -8.82177397e-29,  -2.56359191e-33,  -7.26542729e-33,\n",
       "          -1.45375349e-24,  -2.12864004e-37,  -3.29259002e-30,\n",
       "          -2.41196291e-28,  -2.65247207e-34,  -1.31968860e-41,\n",
       "          -6.71632382e-44],\n",
       "        [ -4.21678686e-34,  -4.57127812e-32,  -5.39605452e-35,\n",
       "          -7.00459325e-31,  -2.04150628e-31,  -3.25080018e-30,\n",
       "          -6.43462138e-38,  -8.77589005e-31,  -3.37116062e-30,\n",
       "          -5.48689564e-40,  -3.98725738e-34,  -3.29259002e-30,\n",
       "           1.81699498e-05,  -1.15545747e-37,  -1.52856372e-32,\n",
       "          -5.74525870e-30,  -3.79399683e-35,  -5.24668219e-34,\n",
       "          -4.38157009e-23,  -1.42236784e-25,  -3.30147076e-10,\n",
       "          -4.89577069e-30,  -6.00883524e-21,  -3.46283389e-35,\n",
       "          -5.56065616e-32],\n",
       "        [ -2.18257840e-28,  -2.08208818e-32,  -1.66623550e-30,\n",
       "          -3.14869844e-32,  -1.17954429e-28,  -8.12791752e-24,\n",
       "          -8.47538054e-31,  -1.85439271e-24,  -9.16623976e-32,\n",
       "          -5.24756358e-38,  -1.13606491e-37,  -8.01573081e-36,\n",
       "          -1.15545747e-37,   1.81699498e-05,  -1.79357427e-29,\n",
       "          -6.02456541e-34,  -4.13134013e-31,  -2.63095358e-30,\n",
       "          -8.38490159e-34,  -4.82585516e-28,  -1.15545747e-37,\n",
       "          -4.57948759e-30,  -2.93104393e-32,  -5.09769394e-26,\n",
       "          -9.74045546e-32],\n",
       "        [ -1.09863731e-40,  -5.92859451e-43,  -1.48416813e-39,\n",
       "          -1.32987556e-32,  -1.26196990e-28,  -1.43594511e-35,\n",
       "          -6.69475853e-38,  -3.13231173e-26,  -2.82058320e-35,\n",
       "          -2.58330204e-45,  -5.39537094e-38,  -3.62622101e-37,\n",
       "          -1.52856372e-32,  -1.79357427e-29,   1.81699498e-05,\n",
       "          -1.55410413e-30,  -3.53453817e-30,  -4.22004142e-30,\n",
       "          -7.69999852e-32,  -2.05289762e-27,  -1.52856372e-32,\n",
       "          -4.00798016e-36,  -5.71226583e-31,  -4.16810994e-33,\n",
       "          -5.24663713e-40],\n",
       "        [ -9.97633763e-36,  -7.64494555e-33,  -3.04870620e-33,\n",
       "          -1.18814223e-35,  -1.24618907e-34,  -2.01122145e-36,\n",
       "          -1.60026611e-40,  -7.20823160e-31,  -2.06521406e-33,\n",
       "          -1.09098089e-34,  -2.42594470e-33,  -8.82177397e-29,\n",
       "          -5.74525870e-30,  -6.02456541e-34,  -1.55410413e-30,\n",
       "           1.81699498e-05,  -1.35621689e-29,  -1.00859762e-30,\n",
       "          -6.99470887e-28,  -2.27206624e-28,  -5.74525870e-30,\n",
       "          -3.90971229e-39,  -3.38964140e-31,  -3.72024691e-30,\n",
       "          -5.48693973e-38],\n",
       "        [ -1.70502652e-41,  -6.00304366e-39,  -4.99824828e-28,\n",
       "          -2.00833649e-39,  -5.02087667e-40,  -9.71209436e-34,\n",
       "          -3.89583932e-38,  -1.84785872e-25,  -5.31807562e-37,\n",
       "          -5.32335177e-30,  -2.20776208e-36,  -2.56359191e-33,\n",
       "          -3.79399683e-35,  -4.13134013e-31,  -3.53453817e-30,\n",
       "          -1.35621689e-29,   1.81699498e-05,  -7.37138930e-30,\n",
       "          -1.37665236e-32,  -1.64869233e-29,  -3.79399683e-35,\n",
       "          -8.51957966e-37,  -1.78434285e-34,  -2.07495186e-29,\n",
       "          -1.38607966e-44],\n",
       "        [ -6.44397301e-41,  -1.01806864e-41,  -1.08786914e-35,\n",
       "          -1.12153575e-33,  -1.89055777e-25,  -6.55746356e-38,\n",
       "          -4.45441623e-28,  -2.02176169e-26,  -8.53249471e-31,\n",
       "          -1.83696799e-36,  -2.40804978e-33,  -7.26542729e-33,\n",
       "          -5.24668219e-34,  -2.63095358e-30,  -4.22004142e-30,\n",
       "          -1.00859762e-30,  -7.37138930e-30,   1.81699498e-05,\n",
       "          -1.79950947e-31,  -2.43649438e-28,  -5.24668219e-34,\n",
       "          -2.42276211e-38,  -6.47529064e-37,  -3.08427285e-34,\n",
       "          -1.33410546e-41],\n",
       "        [ -1.02978896e-29,  -3.41400308e-31,  -6.16025405e-36,\n",
       "          -3.03124921e-34,  -4.78582756e-34,  -3.19639015e-34,\n",
       "          -3.59753750e-38,  -8.57451778e-30,  -1.81427153e-23,\n",
       "          -2.19503373e-36,  -7.19667506e-36,  -1.45375349e-24,\n",
       "          -4.38157009e-23,  -8.38490159e-34,  -7.69999852e-32,\n",
       "          -6.99470887e-28,  -1.37665236e-32,  -1.79950947e-31,\n",
       "           1.81699498e-05,  -8.57763569e-32,  -4.38157009e-23,\n",
       "          -6.09079084e-26,  -6.14250734e-35,  -1.60095509e-25,\n",
       "          -9.21580222e-40],\n",
       "        [ -3.34053166e-32,  -2.79539196e-34,  -9.00207924e-31,\n",
       "          -1.23692148e-26,  -7.78122094e-31,  -2.54582589e-23,\n",
       "          -1.20220348e-33,  -1.21145319e-24,  -8.26935507e-28,\n",
       "          -2.29022303e-35,  -1.80543105e-32,  -2.12864004e-37,\n",
       "          -1.42236784e-25,  -4.82585516e-28,  -2.05289762e-27,\n",
       "          -2.27206624e-28,  -1.64869233e-29,  -2.43649438e-28,\n",
       "          -8.57763569e-32,   1.81699498e-05,  -1.42236784e-25,\n",
       "          -5.04355960e-35,  -1.84604613e-22,  -2.44239072e-31,\n",
       "          -3.91728233e-34],\n",
       "        [ -4.21678686e-34,  -4.57127812e-32,  -5.39605452e-35,\n",
       "          -7.00459325e-31,  -2.04150628e-31,  -3.25080018e-30,\n",
       "          -6.43462138e-38,  -8.77589005e-31,  -3.37116062e-30,\n",
       "          -5.48689564e-40,  -3.98725738e-34,  -3.29259002e-30,\n",
       "          -3.30147076e-10,  -1.15545747e-37,  -1.52856372e-32,\n",
       "          -5.74525870e-30,  -3.79399683e-35,  -5.24668219e-34,\n",
       "          -4.38157009e-23,  -1.42236784e-25,   1.81699498e-05,\n",
       "          -4.89577069e-30,  -6.00883524e-21,  -3.46283389e-35,\n",
       "          -5.56065616e-32],\n",
       "        [ -8.48280217e-25,  -2.71209107e-31,  -4.10410582e-46,\n",
       "          -9.72631516e-36,  -5.12301012e-37,  -2.90849057e-35,\n",
       "          -2.24212086e-36,  -8.74973410e-28,  -3.65267881e-27,\n",
       "          -3.09137065e-38,  -7.13489523e-43,  -2.41196291e-28,\n",
       "          -4.89577069e-30,  -4.57948759e-30,  -4.00798016e-36,\n",
       "          -3.90971229e-39,  -8.51957966e-37,  -2.42276211e-38,\n",
       "          -6.09079084e-26,  -5.04355960e-35,  -4.89577069e-30,\n",
       "           1.81699498e-05,  -1.20575940e-32,  -5.98019617e-32,\n",
       "          -1.19469162e-38],\n",
       "        [ -3.95221660e-29,  -3.10292063e-34,  -4.84951339e-30,\n",
       "          -1.85807698e-26,  -3.97440390e-31,  -8.09721814e-26,\n",
       "          -3.90888680e-37,  -2.38426751e-32,  -3.54502765e-30,\n",
       "          -1.72452903e-44,  -3.67836901e-30,  -2.65247207e-34,\n",
       "          -6.00883524e-21,  -2.93104393e-32,  -5.71226583e-31,\n",
       "          -3.38964140e-31,  -1.78434285e-34,  -6.47529064e-37,\n",
       "          -6.14250734e-35,  -1.84604613e-22,  -6.00883524e-21,\n",
       "          -1.20575940e-32,   1.81699498e-05,  -1.23926172e-35,\n",
       "          -2.31769412e-24],\n",
       "        [ -2.37094773e-28,  -1.33970457e-33,  -1.38312568e-38,\n",
       "          -4.35246788e-32,  -8.19590730e-30,  -1.62068320e-30,\n",
       "          -1.56982804e-43,  -1.28291479e-28,  -8.34249604e-35,\n",
       "          -1.36588657e-35,  -3.46941937e-31,  -1.31968860e-41,\n",
       "          -3.46283389e-35,  -5.09769394e-26,  -4.16810994e-33,\n",
       "          -3.72024691e-30,  -2.07495186e-29,  -3.08427285e-34,\n",
       "          -1.60095509e-25,  -2.44239072e-31,  -3.46283389e-35,\n",
       "          -5.98019617e-32,  -1.23926172e-35,   1.81699498e-05,\n",
       "          -3.69134686e-34],\n",
       "        [ -1.39434206e-24,  -1.45720631e-34,  -5.24814887e-38,\n",
       "          -4.48078833e-23,  -1.85302982e-30,  -3.98856690e-38,\n",
       "          -1.75511744e-36,  -6.30188890e-36,  -3.98057440e-38,\n",
       "          -3.34849826e-45,  -3.16572355e-34,  -6.71632382e-44,\n",
       "          -5.56065616e-32,  -9.74045546e-32,  -5.24663713e-40,\n",
       "          -5.48693973e-38,  -1.38607966e-44,  -1.33410546e-41,\n",
       "          -9.21580222e-40,  -3.91728233e-34,  -5.56065616e-32,\n",
       "          -1.19469162e-38,  -2.31769412e-24,  -3.69134686e-34,\n",
       "           1.81699498e-05]]))"
      ]
     },
     "execution_count": 8,
     "metadata": {},
     "output_type": "execute_result"
    }
   ],
   "source": [
    "cab.select_action()"
   ]
  }
 ],
 "metadata": {
  "anaconda-cloud": {},
  "kernelspec": {
   "display_name": "Python [default]",
   "language": "python",
   "name": "python3"
  },
  "language_info": {
   "codemirror_mode": {
    "name": "ipython",
    "version": 3
   },
   "file_extension": ".py",
   "mimetype": "text/x-python",
   "name": "python",
   "nbconvert_exporter": "python",
   "pygments_lexer": "ipython3",
   "version": "3.5.2"
  }
 },
 "nbformat": 4,
 "nbformat_minor": 1
}
